 32 
RAINBOW
4
6
14
2
1
5
4
6
14
2
1
5
4
6
14
2
1
5
4
6
14
2
1
5
GREENBLUE
1
2
1
2
1
2
1
2
1
2
1
2
1
2
1
2
1
2
1
2
1
2
1
2
FIRE
4
6
14
4
6
14
4
6
14
4
6
14
4
6
14
4
6
14
4
6
14
4
6
14
GIRLY
5
13
15
5
13
15
5
13
15
5
13
15
5
13
15
5
13
15
5
13
15
5
13
15
DEREK
5
2
1
5
2
1
5
2
1
5
2
1
5
2
1
5
2
1
5
2
1
5
2
1
NATHAN
1
14
1
14
1
14
1
14
1
14
1
14
1
14
1
14
1
14
1
14
1
14
1
14
DAF
10
5
10
5
10
5
10
5
10
5
10
5
10
5
10
5
10
5
10
5
10
5
10
5
BUMBLEBEE
8
14
8
14
8
14
8
14
8
14
8
14
8
14
8
14
8
14
8
14
8
14
8
14
BUMBLEBEE II
8
8
14
8
8
14
8
8
14
8
8
14
8
8
14
8
8
14
8
8
14
8
8
14
NATHAN II
1
3
9
11
1
3
9
11
1
3
9
11
1
3
9
11
1
3
9
11
1
3
9
11
CORN FIELD
2
14
10
2
14
10
2
14
10
2
14
10
2
14
10
2
14
10
2
14
10
2
14
10
BLACK AND WHITE
8
7
15
8
7
15
8
7
15
8
7
15
8
7
15
8
7
15
8
7
15
8
7
15
SILVERBLUE
7
1
8
9
7
1
8
9
7
1
8
9
7
1
8
9
7
1
8
9
7
1
8
9
PURPLE YELLOW
5
14
5
14
5
14
5
14
5
14
5
14
5
14
5
14
5
14
5
14
5
14
5
14
ALL COLORS
1
2
3
4
5
6
7
8
9
10
11
12
13
14
15
1
2
3
4
5
6
7
8
9
BLUERED
1
4
9
12
1
4
9
12
1
4
9
12
1
4
9
12
1
4
9
12
1
4
9
12
CHRISTMAS LIGHTS
2
4
10
12
2
4
10
12
2
4
10
12
2
4
10
12
2
4
10
12
2
4
10
12
CONSTRUCTIONZONE
6
8
14
8
6
8
14
8
6
8
14
8
6
8
14
8
6
8
14
8
6
8
14
8
SUMMER
1
2
14
1
2
14
1
2
14
1
2
14
1
2
14
1
2
14
1
2
14
1
2
14
FALL
4
6
8
12
14
4
6
8
12
14
4
6
8
12
14
4
6
8
12
14
4
6
8
12
WINTER
15
9
7
15
9
7
15
9
7
15
9
7
15
9
7
15
9
7
15
9
7
15
9
7
SPRING
9
10
11
14
9
10
11
14
9
10
11
14
9
10
11
14
9
10
11
14
9
10
11
14
NATHAN III
1
6
1
6
1
6
1
6
1
6
1
6
1
6
1
6
1
6
1
6
1
6
1
6
WHITE
15
15
15
15
15
15
15
15
15
15
15
15
15
15
15
15
15
15
15
15
15
15
15
15
REVERSE RAINBOW
5
1
2
14
6
4
5
1
2
14
6
4
5
1
2
14
6
4
5
1
2
14
6
4
GREEN AND SILVER
2
7
2
7
2
7
2
7
2
7
2
7
2
7
2
7
2
7
2
7
2
7
2
7
STRANGE
1
3
1
3
1
3
1
3
1
3
13
11
10
1
3
1
3
1
3
1
3
1
3
0
MULTIPLE COLORS
1
2
4
14
1
2
4
14
1
2
4
14
1
2
4
14
1
2
4
14
1
2
4
14
BLACK AND ORANGE
6
7
8
6
7
8
6
7
8
6
7
8
6
7
8
6
7
8
6
7
8
6
7
8
MCDONALDS
4
14
4
14
4
14
4
14
4
14
4
14
4
14
4
14
4
14
4
14
4
14
4
14
BANANA
14
14
14
14
14
14
14
14
14
14
14
14
14
14
14
14
14
14
14
14
14
14
14
14
BANANA
 14 
 15 
 14 
 15 
 14 
 15 
 14 
 15 
 14 
 15 
 14 
 15 
 14 
 15 
 14 
 15 
 14 
 15 
 14 
 15 
 14 
 15 
 14 
 15 
